1 0.000
2 0.077
3 0.040
4 0.120
5 0.614
6 0.283
7 0.632
8 0.316
9 0.035
10 0.245
11 0.197
12 0.286
13 0.686
14 0.429
15 0.711
16 0.435
17 0.625
18 0.461
19 0.656
20 0.525
21 0.889
22 0.746
23 0.886
24 0.835
25 0.742
26 0.748
27 0.754
28 0.862
29 0.906
30 1.168
31 0.912
32 1.234
33 0.011
34 0.644
35 0.196
36 0.492
37 0.771
38 0.620
39 0.770
40 0.646
41 0.265
42 0.816
43 0.473
44 0.644
45 1.098
46 0.768
47 1.037
48 0.745
49 0.813
50 1.102
51 0.828
52 1.174
53 0.960
54 1.652
55 0.983
56 1.734
57 0.857
58 1.503
59 0.860
60 1.503
61 0.975
62 1.991
63 0.979
64 2.032
65 0.000
66 0.755
67 0.120
68 0.780
69 0.907
70 1.075
71 0.909
72 1.195
73 0.083
74 0.886
75 0.230
76 0.915
77 0.921
78 1.537
79 0.949
80 1.663
81 0.956
82 1.320
83 0.951
84 1.440
85 1.068
86 2.158
87 1.076
88 2.244
89 0.976
90 1.679
91 0.988
92 1.745
93 1.072
94 2.478
95 1.079
96 2.506
97 0.012
98 0.912
99 0.075
100 0.952
101 1.013
102 1.939
103 1.011
104 2.047
105 0.221
106 1.040
107 0.760
108 1.104
109 1.022
110 2.467
111 1.022
112 2.457
113 1.040
114 2.211
115 1.043
116 2.296
117 1.148
118 2.755
119 1.156
120 2.740
121 1.073
122 2.441
123 1.083
124 2.445
125 1.154
126 2.806
127 1.141
128 2.798
129 0.002
130 0.758
131 0.124
132 0.627
133 0.748
134 0.539
135 0.793
136 0.551
137 0.133
138 0.807
139 0.383
140 0.684
141 0.848
142 0.922
143 0.883
144 0.822
145 0.843
146 0.961
147 0.863
148 1.010
149 1.040
150 1.749
151 1.039
152 1.844
153 0.946
154 1.151
155 0.955
156 1.301
157 1.066
158 2.091
159 1.074
160 2.110
161 0.152
162 0.888
163 0.290
164 0.746
165 0.985
166 1.435
167 1.010
168 1.364
169 0.633
170 0.945
171 0.742
172 0.857
173 1.131
174 1.200
175 1.079
176 1.136
177 1.047
178 1.082
179 1.070
180 1.137
181 1.103
182 2.573
183 1.139
184 2.587
185 1.300
186 1.402
187 1.295
188 1.442
189 1.316
190 2.722
191 1.319
192 2.708
193 0.003
194 0.877
195 0.096
196 0.940
197 1.063
198 1.823
199 1.061
200 1.919
201 0.150
202 1.022
203 0.572
204 1.047
205 1.098
206 2.325
207 1.114
208 2.466
209 1.109
210 1.546
211 1.111
212 1.874
213 1.201
214 2.881
215 1.194
216 2.873
217 1.122
218 2.241
219 1.145
220 2.455
221 1.200
222 2.939
223 1.211
224 2.924
225 0.516
226 1.107
227 0.707
228 1.140
229 1.166
230 2.509
231 1.150
232 2.660
233 0.994
234 1.242
235 1.047
236 1.303
237 1.223
238 2.875
239 1.226
240 2.887
241 1.156
242 2.377
243 1.150
244 2.617
245 1.211
246 2.998
247 1.220
248 2.964
249 1.157
250 2.768
251 1.168
252 2.695
253 1.229
254 2.992
255 1.220
256 2.971
257 0.000
258 0.761
259 0.129
260 0.741
261 0.790
262 1.060
263 0.830
264 1.069
265 0.101
266 0.731
267 0.311
268 0.611
269 0.882
270 1.141
271 0.906
272 1.188
273 0.890
274 0.996
275 0.912
276 1.002
277 1.061
278 1.748
279 1.084
280 1.841
281 0.956
282 1.108
283 0.966
284 1.151
285 1.096
286 2.089
287 1.113
288 2.126
289 0.042
290 0.775
291 0.168
292 0.743
293 0.952
294 1.269
295 0.975
296 1.369
297 0.268
298 0.877
299 0.457
300 0.779
301 1.035
302 1.500
303 1.040
304 1.573
305 1.007
306 1.158
307 1.018
308 1.157
309 1.131
310 2.512
311 1.131
312 2.549
313 1.019
314 1.677
315 1.037
316 1.803
317 1.139
318 2.706
319 1.144
320 2.710
321 0.016
322 0.958
323 0.125
324 0.992
325 1.103
326 1.462
327 1.100
328 1.586
329 0.113
330 1.056
331 0.687
332 1.073
333 1.127
334 2.032
335 1.130
336 2.147
337 1.117
338 1.412
339 1.111
340 1.437
341 1.247
342 2.725
343 1.260
344 2.688
345 1.137
346 1.706
347 1.138
348 1.726
349 1.268
350 2.713
351 1.269
352 2.746
353 0.097
354 1.111
355 0.439
356 1.134
357 1.150
358 2.438
359 1.165
360 2.576
361 0.945
362 1.159
363 1.029
364 1.169
365 1.167
366 2.781
367 1.171
368 2.809
369 1.196
370 2.183
371 1.208
372 2.191
373 1.299
374 2.864
375 1.287
376 2.801
377 1.208
378 2.388
379 1.212
380 2.377
381 1.301
382 2.889
383 1.294
384 2.877
385 0.007
386 0.786
387 0.090
388 0.768
389 0.939
390 1.102
391 0.965
392 1.174
393 0.113
394 0.833
395 0.318
396 0.662
397 1.066
398 1.295
399 1.093
400 1.406
401 1.124
402 1.161
403 1.123
404 1.169
405 1.210
406 2.623
407 1.218
408 2.659
409 1.140
410 1.218
411 1.155
412 1.246
413 1.209
414 2.829
415 1.218
416 2.805
417 0.121
418 0.934
419 0.215
420 0.875
421 1.145
422 1.437
423 1.169
424 1.554
425 0.409
426 1.078
427 0.623
428 1.090
429 1.209
430 1.900
431 1.223
432 1.898
433 1.190
434 1.310
435 1.176
436 1.372
437 1.235
438 2.929
439 1.229
440 2.968
441 1.178
442 1.988
443 1.184
444 2.143
445 1.240
446 2.991
447 1.244
448 2.956
449 0.235
450 1.195
451 0.644
452 1.201
453 1.248
454 2.063
455 1.251
456 2.220
457 0.992
458 1.226
459 1.084
460 1.222
461 1.259
462 2.619
463 1.246
464 2.729
465 1.244
466 2.093
467 1.244
468 2.167
469 1.326
470 2.915
471 1.315
472 2.900
473 1.238
474 2.632
475 1.248
476 2.727
477 1.335
478 2.909
479 1.325
480 2.927
481 1.079
482 1.270
483 1.101
484 1.263
485 1.269
486 2.622
487 1.278
488 2.684
489 1.163
490 1.308
491 1.174
492 1.299
493 1.257
494 2.834
495 1.274
496 2.897
497 1.277
498 2.846
499 1.286
500 2.895
501 1.317
502 2.953
503 1.329
504 2.926
505 1.275
506 2.959
507 1.286
508 2.971
509 1.331
510 2.965
511 1.343
512 2.975
513 0.000
514 0.764
515 0.081
516 0.605
517 0.723
518 0.176
519 0.756
520 0.227
521 0.080
522 0.779
523 0.299
524 0.647
525 0.815
526 0.405
527 0.860
528 0.450
529 0.723
530 0.924
531 0.799
532 0.953
533 1.081
534 1.033
535 1.088
536 1.102
537 0.891
538 0.999
539 0.930
540 1.036
541 1.105
542 1.765
543 1.126
544 1.749
545 0.031
546 0.814
547 0.190
548 0.666
549 0.827
550 1.126
551 0.858
552 1.130
553 0.421
554 0.869
555 0.599
556 0.743
557 1.083
558 1.117
559 0.988
560 1.006
561 0.975
562 1.027
563 1.006
564 1.058
565 1.146
566 2.371
567 1.173
568 2.431
569 1.122
570 1.168
571 1.162
572 1.227
573 1.300
574 2.644
575 1.342
576 2.688
577 0.000
578 0.788
579 0.110
580 0.834
581 1.021
582 1.234
583 1.043
584 1.356
585 0.081
586 0.960
587 0.330
588 0.993
589 1.109
590 1.631
591 1.117
592 1.912
593 1.143
594 1.190
595 1.148
596 1.188
597 1.247
598 2.615
599 1.269
600 2.729
601 1.184
602 1.255
603 1.191
604 1.416
605 1.265
606 2.840
607 1.270
608 2.847
609 0.085
610 1.073
611 0.362
612 1.088
613 1.178
614 1.644
615 1.196
616 1.869
617 1.008
618 1.161
619 1.105
620 1.183
621 1.232
622 2.514
623 1.245
624 2.656
625 1.231
626 1.275
627 1.234
628 1.381
629 1.318
630 2.922
631 1.313
632 2.928
633 1.243
634 1.636
635 1.256
636 2.253
637 1.314
638 2.936
639 1.310
640 2.935
641 0.024
642 0.886
643 0.103
644 0.738
645 0.903
646 1.016
647 0.935
648 1.035
649 0.170
650 0.862
651 0.389
652 0.704
653 0.960
654 1.035
655 0.953
656 0.974
657 0.982
658 1.066
659 1.008
660 1.081
661 1.148
662 2.216
663 1.162
664 2.326
665 1.101
666 1.134
667 1.120
668 1.131
669 1.192
670 2.666
671 1.183
672 2.685
673 0.499
674 1.024
675 0.563
676 0.921
677 1.292
678 1.298
679 1.269
680 1.277
681 0.865
682 1.023
683 0.911
684 0.988
685 1.207
686 1.222
687 1.191
688 1.196
689 1.420
690 1.419
691 1.418
692 1.435
693 1.399
694 2.505
695 1.437
696 2.666
697 1.389
698 1.393
699 1.385
700 1.382
701 1.404
702 2.284
703 1.423
704 2.216
705 0.102
706 1.130
707 0.336
708 1.150
709 1.242
710 1.274
711 1.244
712 1.317
713 1.118
714 1.251
715 1.206
716 1.255
717 1.299
718 1.543
719 1.295
720 1.847
721 1.307
722 1.319
723 1.310
724 1.311
725 1.350
726 2.970
727 1.349
728 2.949
729 1.320
730 1.335
731 1.323
732 1.457
733 1.350
734 3.012
735 1.368
736 3.001
737 1.424
738 1.460
739 1.426
740 1.465
741 1.457
742 1.598
743 1.475
744 1.725
745 1.489
746 1.499
747 1.497
748 1.504
749 1.504
750 2.106
751 1.504
752 2.210
753 1.439
754 1.449
755 1.435
756 1.497
757 1.376
758 2.970
759 1.381
760 2.946
761 1.493
762 1.921
763 1.490
764 2.335
765 1.425
766 2.975
767 1.463
768 2.985
769 0.000
770 0.769
771 0.100
772 0.750
773 0.861
774 1.034
775 0.898
776 1.065
777 0.090
778 0.768
779 0.297
780 0.632
781 0.987
782 1.065
783 1.021
784 1.107
785 1.058
786 1.112
787 1.085
788 1.131
789 1.216
790 2.094
791 1.247
792 2.213
793 1.172
794 1.200
795 1.182
796 1.219
797 1.253
798 2.483
799 1.279
800 2.559
801 0.069
802 0.878
803 0.169
804 0.814
805 1.110
806 1.157
807 1.130
808 1.176
809 0.272
810 0.988
811 0.461
812 0.910
813 1.215
814 1.245
815 1.235
816 1.287
817 1.248
818 1.285
819 1.256
820 1.293
821 1.308
822 2.787
823 1.317
824 2.825
825 1.292
826 1.309
827 1.280
828 1.316
829 1.342
830 2.939
831 1.342
832 2.961
833 0.136
834 1.194
835 0.599
836 1.219
837 1.303
838 1.340
839 1.312
840 1.377
841 1.067
842 1.289
843 1.187
844 1.297
845 1.324
846 1.655
847 1.346
848 1.813
849 1.347
850 1.368
851 1.340
852 1.390
853 1.405
854 2.946
855 1.401
856 2.952
857 1.346
858 1.423
859 1.353
860 1.544
861 1.402
862 2.962
863 1.413
864 2.990
865 1.193
866 1.333
867 1.233
868 1.339
869 1.354
870 2.071
871 1.354
872 2.356
873 1.256
874 1.341
875 1.262
876 1.362
877 1.366
878 2.756
879 1.362
880 2.861
881 1.355
882 1.491
883 1.359
884 1.623
885 1.404
886 2.992
887 1.413
888 2.987
889 1.366
890 2.097
891 1.362
892 2.304
893 1.403
894 2.989
895 1.419
896 2.980
897 0.027
898 0.933
899 0.080
900 0.910
901 1.164
902 1.241
903 1.192
904 1.238
905 0.120
906 1.032
907 0.282
908 0.904
909 1.286
910 1.312
911 1.287
912 1.324
913 1.327
914 1.352
915 1.339
916 1.359
917 1.393
918 2.588
919 1.379
920 2.736
921 1.357
922 1.395
923 1.360
924 1.395
925 1.394
926 2.915
927 1.397
928 2.950
929 0.468
930 1.252
931 0.510
932 1.236
933 1.374
934 1.411
935 1.390
936 1.438
937 1.108
938 1.405
939 1.218
940 1.443
941 1.495
942 1.557
943 1.508
944 1.601
945 1.386
946 1.443
947 1.388
948 1.437
949 1.430
950 2.956
951 1.438
952 3.013
953 1.437
954 1.486
955 1.453
956 1.522
957 1.471
958 3.000
959 1.473
960 3.010
961 1.287
962 1.402
963 1.290
964 1.406
965 1.396
966 1.696
967 1.415
968 1.826
969 1.323
970 1.400
971 1.330
972 1.408
973 1.412
974 2.447
975 1.409
976 2.635
977 1.393
978 1.443
979 1.407
980 1.471
981 1.443
982 2.993
983 1.454
984 2.989
985 1.400
986 1.812
987 1.401
988 2.169
989 1.455
990 2.991
991 1.434
992 2.992
993 1.326
994 1.444
995 1.323
996 1.428
997 1.437
998 2.685
999 1.428
1000 2.758
1001 1.362
1002 1.484
1003 1.369
1004 1.474
1005 1.434
1006 2.942
1007 1.438
1008 2.939
1009 1.400
1010 2.069
1011 1.399
1012 2.370
1013 1.438
1014 3.023
1015 1.437
1016 3.003
1017 1.433
1018 2.704
1019 1.403
1020 2.953
1021 1.448
1022 2.985
1023 1.440
0 0.000
